4294967279,569
4294967294,404
4294967279,568
4294967279,567
4294967279,566
28,4
28,3
28,2
28,1
28,0
4294967279,565
4294967278,360
27,4
27,3
27,2
27,1
27,0
26,4
26,3
26,2
26,1
26,0
4294967279,564
4294967278,359
4294967279,563
4294967278,358
4294967279,562
4294967278,357
4294967279,561
4294967278,356
4294967279,560
4294967278,355
4294967278,354
4294967278,353
4294967278,352
4294967279,559
4294967278,351
4294967278,350
4294967279,558
4294967279,557
4294967278,349
4294967278,348
25,4
25,3
25,2
25,1
25,0
24,4
24,3
24,2
24,1
24,0
4294967278,347
4294967278,346
4294967279,556
4294967279,555
4294967279,554
4294967279,553
4294967279,552
4294967279,551
4294967279,550
4294967279,549
4294967279,548
4294967279,547
4294967278,345
4294967279,546
23,4
23,3
23,2
23,1
23,0
4294967278,344
22,4
22,3
22,2
22,1
22,0
4294967279,545
4294967279,544
4294967278,343
4294967278,342
4294967279,543
4294967279,542
21,4
21,3
21,2
21,1
21,0
4294967293,131
4294967293,130
4294967293,129
4294967293,128
4294967293,127
4294967293,126
4294967293,125
4294967293,124
4294967293,123
4294967293,122
4294967293,121
4294967293,120
4294967293,119
4294967293,118
4294967293,117
4294967293,116
4294967293,115
4294967293,114
4294967293,113
4294967293,112
4294967293,111
4294967293,110
4294967293,109
4294967293,108
4294967293,107
4294967293,106
4294967293,105
4294967293,104
4294967293,103
4294967293,102
4294967293,101
4294967293,100
4294967293,99
4294967293,98
4294967293,97
4294967293,96
4294967293,95
4294967293,94
4294967293,93
4294967293,92
4294967293,91
4294967293,90
4294967293,89
4294967293,88
4294967293,87
4294967293,86
4294967293,85
4294967293,84
4294967293,83
4294967293,82
4294967293,81
4294967293,80
4294967293,79
4294967293,78
4294967293,77
4294967293,76
4294967293,75
4294967293,74
4294967293,73
4294967293,72
4294967293,71
4294967293,70
4294967293,69
4294967293,68
4294967293,67
4294967293,66
4294967293,65
4294967293,64
4294967293,63
4294967293,62
4294967293,61
4294967293,60
4294967293,59
4294967293,58
4294967293,57
4294967293,56
4294967293,55
4294967293,54
4294967293,53
4294967293,52
4294967293,51
4294967293,50
4294967293,49
4294967293,48
4294967293,47
4294967293,46
4294967293,45
4294967293,44
4294967293,43
4294967293,42
4294967293,41
4294967293,40
4294967293,39
4294967293,38
4294967293,37
4294967293,36
4294967293,35
4294967293,34
4294967293,33
4294967293,32
4294967293,31
4294967293,30
4294967293,29
4294967293,28
4294967293,27
4294967293,26
4294967293,25
4294967293,24
4294967293,23
4294967293,22
4294967293,21
4294967293,20
4294967293,19
4294967293,18
4294967293,17
4294967293,16
4294967293,15
4294967293,14
4294967293,13
4294967293,12
4294967293,11
4294967293,10
4294967293,9
4294967293,8
4294967293,7
4294967293,6
4294967293,5
4294967293,4
4294967293,3
4294967293,2
4294501266,0
4294501265,0
4294501264,0
4294501263,0
4294501262,0
4294501261,0
4294501260,0
4294501259,0
4294501258,0
4294501257,0
4294967293,0
4294967278,71
4294967278,184
4294967278,70
4294967278,331
4294967278,183
4294967278,69
4294967278,182
4294967278,68
4294967278,301
4294967278,181
4294967278,67
4294967278,180
4294967278,66
4294967278,179
4294967278,65
4294967278,330
4294967278,178
4294967278,64
4294967278,329
4294967278,177
4294967278,63
4294967278,300
4294967278,176
4294967278,62
4294967278,299
4294967278,175
4294967278,61
4294967278,173
4294967278,60
4294967278,328
4294967278,172
4294967278,59
4294967278,171
4294967278,58
4294967278,296
4294967278,170
4294967278,57
4294967278,327
4294967278,169
4294967278,56
4294967278,168
4294967278,55
4294967278,326
4294967278,167
4294967278,54
4294967278,166
4294967278,53
4294967278,165
4294967278,52
4294967278,164
4294967278,51
4294967278,325
4294967278,163
4294967278,50
4294967278,162
4294967278,49
4294967278,161
4294967278,48
4294967278,160
4294967278,47
4294967278,159
4294967278,46
4294967278,323
4294967278,158
4294967278,45
4294967278,324
4294967278,157
4294967278,44
